time	temperature	heat_index	dewpoint	wind_direction	wind_speed	wind_gust	humidity	pressure
20210124 00:00	-1.6		-2.3	90.0	3.6	5.8	95.0	995.3
20210124 00:05	-1.5		-2.2	112.0	3.1	4.9	95.0	995.5
20210124 00:10	-1.4		-2.1	135.0	2.7	6.3	95.0	995.6
20210124 00:15	-1.3		-1.8	135.0	2.7	6.3	96.0	995.6
20210124 00:20	-1.2		-1.7	135.0	3.1	4.5	96.0	995.5
20210124 00:25	-1.1		-1.7	135.0	2.7	5.4	96.0	995.6
20210124 00:30	-1.0		-1.6	135.0	2.7	5.8	96.0	995.6
20210124 00:35	-0.9		-1.5	135.0	2.7	5.8	96.0	995.6
20210124 00:40	-0.9		-1.4	135.0	3.6	5.8	96.0	995.4
20210124 00:45	-0.8		-1.4	135.0	3.1	5.4	96.0	995.1
20210124 00:50	-0.8		-1.3	112.0	3.1	4.9	96.0	994.9
20210124 00:55	-0.7		-1.3	135.0	3.1	4.5	96.0	995.0
20210124 01:05	-0.6		-1.2	112.0	3.1	5.4	96.0	994.7
20210124 01:10	-0.6		-1.2	112.0	2.7	4.9	96.0	994.6
20210124 01:15	-0.6		-1.1	135.0	3.1	4.5	96.0	994.5
20210124 01:20	-0.4		-1.0	135.0	3.1	4.9	96.0	994.5
20210124 01:25	-0.3		-0.9	135.0	3.6	6.7	96.0	994.6
20210124 01:30	-0.3		-0.8	135.0	3.1	5.4	96.0	994.5
20210124 01:35	-0.3		-0.8	135.0	3.1	6.3	96.0	994.4
20210124 01:40	-0.2		-0.8	135.0	3.1	5.8	96.0	994.3
20210124 01:45	-0.2		-0.7	135.0	3.1	5.4	96.0	994.3
20210124 01:50	-0.2		-0.7	135.0	3.1	5.8	96.0	994.4
20210124 01:55	-0.1		-0.7	135.0	3.6	5.4	96.0	994.4
20210124 02:00	-0.1		-0.6	135.0	4.0	5.8	96.0	994.3
20210124 02:05	-0.1		-0.6	135.0	3.1	5.4	96.0	994.2
20210124 02:15	0		-0.7	135.0	4.0	5.8	95.0	994.2
20210124 02:20	0		-0.6	135.0	3.1	5.8	96.0	994.2
20210124 02:25	0.1		-0.5	135.0	4.0	5.8	96.0	994.0
20210124 02:30	0.1		-0.5	135.0	3.6	5.8	96.0	993.9
20210124 02:35	0.1		-0.4	135.0	3.1	5.4	96.0	993.9
20210124 02:40	0.2		-0.4	135.0	3.1	5.4	96.0	993.9
20210124 02:45	0.2		-0.4	112.0	3.6	5.4	96.0	993.7
20210124 02:50	0.2		-0.4	135.0	2.2	4.5	96.0	993.7
20210124 02:55	0.2		-0.3	135.0	3.1	4.9	96.0	993.6
20210124 03:00	0.2		-0.3	135.0	3.1	4.9	96.0	993.6
20210124 03:05	0.3		-0.3	135.0	3.1	5.4	96.0	993.7
20210124 03:10	0.3		-0.2	135.0	3.1	5.4	96.0	993.7
20210124 03:15	0.4		-0.2	135.0	3.1	6.3	96.0	993.7
20210124 03:20	0.4		-0.2	135.0	3.1	5.4	96.0	993.7
20210124 03:25	0.4		-0.1	135.0	3.1	4.9	96.0	993.7
20210124 03:30	0.4		-0.1	135.0	3.1	4.9	96.0	993.6
20210124 03:35	0.5		-0.2	135.0	3.1	5.4	95.0	993.5
20210124 03:40	0.5		-0.2	135.0	3.1	4.9	95.0	993.5
20210124 03:45	0.6		-0.1	135.0	3.6	5.8	95.0	993.4
20210124 03:50	0.6		0	135.0	3.1	4.9	96.0	993.5
20210124 03:55	0.6		0	135.0	2.7	4.5	96.0	993.4
20210124 04:00	0.7		0	135.0	2.7	4.9	95.0	993.4
20210124 04:05	0.7		0	158.0	2.2	4.5	95.0	993.5
20210124 04:10	0.7		0	135.0	2.2	4.5	95.0	993.4
20210124 04:15	0.7		0	135.0	2.2	4.5	95.0	993.3
20210124 04:25	0.7		0	135.0	2.2	4.0	95.0	993.2
20210124 04:30	0.7		0	135.0	2.2	4.5	95.0	993.2
20210124 04:35	0.8		0.1	135.0	2.2	3.6	95.0	993.2
20210124 04:40	0.8		0.1	135.0	1.8	2.7	95.0	993.2
20210124 04:45	0.8		0.1	135.0	1.8	3.1	95.0	993.0
20210124 04:50	0.9		0.2	135.0	2.2	4.5	95.0	992.9
20210124 04:55	0.9		0.2	135.0	2.7	4.0	95.0	992.9
20210124 05:00	1.1		0.3	135.0	3.1	5.8	95.0	992.9
20210124 05:05	1.1		0.4	135.0	3.1	4.5	95.0	992.9
20210124 05:10	1.2		0.5	135.0	3.1	5.4	95.0	992.9
20210124 05:15	1.2		0.5	135.0	2.7	4.0	95.0	992.8
20210124 05:25	1.1		0.3	135.0	2.7	4.0	94.0	992.7
20210124 05:30	1.1		0.3	135.0	3.1	4.9	94.0	992.5
20210124 05:35	1.1		0.3	135.0	2.2	4.5	94.0	992.6
20210124 05:40	1.2		0.3	135.0	2.7	4.5	94.0	992.6
20210124 05:45	1.2		0.3	158.0	2.2	4.0	94.0	992.6
20210124 05:50	1.2		0.4	158.0	2.2	3.1	94.0	992.6
20210124 05:55	1.3		0.4	158.0	2.7	4.0	94.0	992.8
20210124 06:00	1.2		0.4	158.0	2.2	3.1	94.0	992.8
20210124 06:05	1.2		0.3	158.0	2.2	2.7	94.0	992.7
20210124 06:10	1.2		0.3	158.0	2.2	3.1	94.0	992.7
20210124 06:15	1.2		0.4	158.0	3.1	4.5	94.0	992.7
20210124 06:25	1.4		0.5	158.0	2.7	4.0	94.0	992.6
20210124 06:30	1.4		0.6	158.0	2.7	4.5	94.0	992.7
20210124 06:35	1.4		0.6	158.0	3.1	4.5	94.0	992.6
20210124 06:40	1.4		0.6	135.0	3.1	4.5	94.0	992.5
20210124 06:45	1.4		0.6	158.0	3.6	4.9	94.0	992.6
20210124 06:50	1.4		0.6	158.0	3.6	5.4	94.0	992.7
20210124 06:55	1.4		0.6	158.0	3.1	4.9	94.0	992.7
20210124 07:00	1.4		0.6	158.0	3.1	4.5	94.0	992.7
20210124 07:05	1.4		0.6	158.0	3.1	4.5	94.0	992.6
20210124 07:10	1.4		0.5	158.0	3.1	4.9	94.0	992.6
20210124 07:15	1.4		0.5	158.0	3.1	4.9	94.0	992.7
20210124 07:20	1.4		0.4	158.0	3.1	4.5	93.0	992.6
20210124 07:25	1.4		0.4	158.0	3.6	4.9	93.0	992.7
20210124 07:35	1.3		0.3	158.0	4.0	5.8	93.0	992.8
20210124 07:45	1.1		0.1	158.0	4.0	4.9	93.0	992.7
20210124 07:55	1.2		0.2	158.0	4.0	5.4	93.0	992.7
20210124 08:00	1.2		0.2	158.0	3.6	4.9	93.0	992.7
20210124 08:10	1.3		0.3	158.0	3.6	4.9	93.0	992.9
20210124 08:15	1.2		0.2	158.0	4.0	5.4	93.0	993.0
20210124 08:25	1.1		0.1	158.0	3.6	5.4	93.0	992.9
20210124 08:35	1.2		0.2	158.0	4.5	5.8	93.0	992.9
20210124 08:45	1.2		0.2	158.0	4.9	6.3	93.0	992.8
20210124 08:55	1.2		0.1	158.0	4.9	6.7	92.0	992.9
20210124 09:05	1.2		0.1	158.0	5.4	6.7	92.0	993.0
20210124 09:10	1.2		0.1	158.0	4.9	7.2	92.0	993.1
20210124 09:15	1.2		0.1	158.0	4.9	6.7	92.0	993.1
20210124 09:20	1.2		0.1	158.0	4.5	7.2	92.0	993.2
20210124 09:25	1.2		0.1	158.0	4.5	7.2	92.0	993.3
20210124 09:35	1.2		0	158.0	4.9	6.7	92.0	993.2
20210124 09:40	1.2		0	158.0	4.9	6.7	92.0	993.3
20210124 09:45	1.2		0.1	158.0	4.9	7.2	92.0	993.4
20210124 09:50	1.2		0.1	158.0	5.4	6.3	92.0	993.4
20210124 09:55	1.2		-0.1	158.0	4.9	6.3	91.0	993.4
20210124 10:00	1.1		-0.2	158.0	4.5	6.7	91.0	993.4
20210124 10:05	1.1		-0.2	158.0	4.9	7.2	91.0	993.4
20210124 10:10	1.1		-0.2	180.0	5.4	6.3	91.0	993.4
20210124 10:15	1.0		-0.3	180.0	5.4	7.2	91.0	993.5
20210124 10:20	0.9		-0.4	180.0	5.8	6.7	91.0	993.5
20210124 10:25	0.9		-0.4	180.0	5.4	6.7	91.0	993.4
20210124 10:30	0.9		-0.4	158.0	5.4	6.3	91.0	993.5
20210124 10:35	0.9		-0.4	158.0	5.4	6.7	91.0	993.5
20210124 10:45	1.1		-0.2	158.0	5.4	6.7	91.0	993.5
20210124 10:50	1.1		-0.2	158.0	5.4	7.2	91.0	993.6
20210124 10:55	1.0		-0.3	180.0	5.4	6.3	91.0	993.6
20210124 11:00	0.9		-0.4	180.0	5.8	7.2	91.0	993.7
20210124 11:05	0.9		-0.4	180.0	5.8	7.6	91.0	993.7
20210124 11:10	1.0		-0.3	180.0	5.8	8.0	91.0	993.7
20210124 11:15	0.9		-0.4	180.0	5.8	7.6	91.0	993.7
20210124 11:20	0.9		-0.4	180.0	5.4	7.2	91.0	993.7
20210124 11:30	0.9		-0.4	180.0	5.8	7.2	91.0	993.8
20210124 11:35	0.8		-0.6	180.0	5.8	7.2	90.0	993.8
20210124 11:40	0.8		-0.5	180.0	5.8	7.2	91.0	993.9
20210124 11:45	0.7		-0.6	180.0	5.8	6.7	91.0	993.9
20210124 11:55	0.6		-0.7	180.0	5.4	6.7	91.0	994.0
20210124 12:00	0.5		-0.8	180.0	5.4	6.7	91.0	994.0
20210124 12:05	0.6		-0.6	180.0	5.8	7.2	92.0	994.0
20210124 12:10	0.4		-0.9	180.0	4.5	6.7	91.0	994.0
20210124 12:15	0.4		-0.7	180.0	4.5	5.8	92.0	993.9
20210124 12:20	0.5		-0.6	180.0	4.5	5.8	92.0	994.0
20210124 12:25	0.4		-0.7	180.0	4.0	5.4	92.0	993.9
20210124 12:30	0.5		-0.6	158.0	4.0	5.4	92.0	994.0
20210124 12:35	0.7		-0.4	158.0	4.5	5.4	92.0	993.9
20210124 12:40	0.8		-0.5	158.0	4.9	6.3	91.0	993.9
20210124 12:45	0.8		-0.5	158.0	4.9	6.3	91.0	994.0
20210124 12:55	0.7		-0.6	158.0	4.5	5.8	91.0	994.1
20210124 13:00	0.7		-0.6	158.0	4.5	5.4	91.0	994.1
20210124 13:05	0.7		-0.6	158.0	4.9	5.8	91.0	994.0
20210124 13:10	0.8		-0.5	158.0	4.5	5.8	91.0	994.0
20210124 13:15	0.8		-0.5	158.0	4.5	6.3	91.0	994.0
20210124 13:20	0.9		-0.4	158.0	4.5	6.3	91.0	994.1
20210124 13:25	0.9		-0.4	158.0	4.5	5.8	91.0	994.1
20210124 13:30	0.8		-0.5	158.0	4.5	6.3	91.0	994.1
20210124 13:35	0.8		-0.5	158.0	4.5	5.8	91.0	994.2
20210124 13:40	0.8		-0.5	158.0	4.5	5.8	91.0	994.1
20210124 13:45	0.9		-0.4	158.0	4.5	6.3	91.0	994.1
20210124 13:50	0.9		-0.4	158.0	4.9	5.8	91.0	994.1
20210124 14:00	0.9		-0.4	158.0	4.9	5.8	91.0	994.1
20210124 14:05	0.8		-0.5	158.0	4.5	6.3	91.0	994.1
20210124 14:10	0.8		-0.5	158.0	4.5	5.8	91.0	994.1
20210124 14:15	0.8		-0.5	158.0	4.0	5.4	91.0	994.1
20210124 14:20	0.8		-0.5	158.0	4.9	5.8	91.0	994.1
20210124 14:25	0.8		-0.5	158.0	4.5	6.3	91.0	994.0
20210124 14:30	0.8		-0.5	158.0	4.9	6.3	91.0	994.0
20210124 14:35	0.7		-0.6	158.0	4.5	5.8	91.0	994.0
20210124 14:40	0.8		-0.5	158.0	4.9	6.3	91.0	994.0
20210124 14:45	0.8		-0.5	158.0	5.8	6.7	91.0	994.1
20210124 14:50	0.9		-0.4	158.0	5.4	7.2	91.0	994.1
20210124 14:55	0.9		-0.4	158.0	5.8	8.5	91.0	994.2
20210124 15:00	0.9		-0.4	158.0	4.9	6.3	91.0	994.1
20210124 15:05	0.9		-0.4	158.0	4.0	5.8	91.0	994.1
20210124 15:10	0.9		-0.4	158.0	4.0	6.3	91.0	994.1
20210124 15:15	0.9		-0.4	158.0	4.5	6.3	91.0	994.1
20210124 15:20	0.8		-0.5	158.0	4.9	7.2	91.0	994.2
20210124 15:25	0.8		-0.5	158.0	4.0	5.8	91.0	994.1
20210124 15:30	0.8		-0.5	158.0	3.6	5.4	91.0	994.1
20210124 15:35	0.8		-0.5	158.0	3.6	4.9	91.0	994.2
20210124 15:40	0.8		-0.5	158.0	4.5	7.2	91.0	994.2
20210124 15:45	0.8		-0.5	158.0	4.5	6.3	91.0	994.2
20210124 15:50	0.8		-0.5	158.0	4.0	5.8	91.0	994.3
20210124 15:55	0.7		-0.6	158.0	4.0	5.8	91.0	994.3
20210124 16:00	0.7		-0.6	158.0	3.6	4.9	91.0	994.3
20210124 16:10	0.7		-0.6	135.0	2.7	4.9	91.0	994.3
20210124 16:20	0.6		-0.7	135.0	3.1	5.4	91.0	994.4
20210124 16:25	0.6		-0.7	135.0	2.7	5.4	91.0	994.4
20210124 16:30	0.5		-0.8	135.0	2.7	4.5	91.0	994.5
20210124 16:35	0.5		-0.8	158.0	3.1	5.4	91.0	994.6
20210124 16:40	0.5		-0.8	135.0	3.1	4.9	91.0	994.5
20210124 16:45	0.5		-0.8	158.0	3.1	4.9	91.0	994.5
20210124 16:50	0.4		-0.9	158.0	2.7	5.4	91.0	994.5
20210124 16:55	0.4		-0.9	135.0	3.1	4.9	91.0	994.4
20210124 17:00	0.4		-0.9	135.0	3.1	5.4	91.0	994.4
20210124 17:05	0.4		-0.9	135.0	2.7	4.5	91.0	994.4
20210124 17:10	0.4		-0.9	135.0	2.7	4.5	91.0	994.4
20210124 17:15	0.4		-0.9	135.0	3.1	5.4	91.0	994.4
20210124 17:25	0.4		-0.9	158.0	3.1	4.5	91.0	994.4
20210124 17:30	0.3		-1.0	135.0	2.2	4.0	91.0	994.4
20210124 17:35	0.3		-0.8	135.0	2.2	3.6	92.0	994.4
20210124 17:40	0.3		-0.9	135.0	2.2	3.1	92.0	994.4
20210124 17:45	0.2		-0.9	135.0	2.2	4.0	92.0	994.4
20210124 17:50	0.2		-0.9	135.0	2.7	4.5	92.0	994.4
20210124 17:55	0.2		-0.9	135.0	3.1	5.4	92.0	994.4
20210124 18:00	0.2		-0.9	135.0	2.2	3.1	92.0	994.4
20210124 18:05	0.2		-1.0	135.0	2.2	4.5	92.0	994.4
20210124 18:10	0.2		-1.0	135.0	2.2	4.0	92.0	994.4
20210124 18:15	0.1		-1.0	135.0	2.2	4.0	92.0	994.3
20210124 18:20	0.1		-1.0	135.0	2.2	3.6	92.0	994.3
20210124 18:25	0.1		-1.1	135.0	3.1	4.5	92.0	994.3
20210124 18:30	0.1		-1.1	135.0	3.1	4.9	92.0	994.3
20210124 18:35	0		-1.1	135.0	3.1	4.9	92.0	994.3
20210124 18:40	-0.1		-1.2	135.0	3.1	4.9	92.0	994.2
20210124 18:45	-0.1		-1.2	135.0	2.7	5.4	92.0	994.2
20210124 18:50	-0.1		-1.0	135.0	3.1	6.3	93.0	994.1
20210124 18:55	-0.1		-1.2	135.0	2.7	4.9	92.0	994.2
20210124 19:00	-0.1		-1.2	135.0	3.6	4.9	92.0	994.2
20210124 19:05	-0.1		-1.3	135.0	2.2	4.5	92.0	994.2
20210124 19:10	-0.2		-1.2	135.0	2.2	3.6	93.0	994.1
20210124 19:15	-0.1		-1.1	135.0	2.2	4.5	93.0	994.1
20210124 19:20	-0.2		-1.2	135.0	2.7	4.5	93.0	994.0
20210124 19:30	-0.2		-1.2	135.0	2.2	4.0	93.0	993.9
20210124 19:35	-0.2		-1.2	135.0	2.7	4.5	93.0	993.9
20210124 19:40	-0.3		-1.3	135.0	2.7	4.5	93.0	993.8
20210124 19:45	-0.3		-1.3	135.0	2.7	4.0	93.0	993.7
20210124 19:50	-0.4		-1.4	135.0	2.2	4.0	93.0	993.7
20210124 19:55	-0.4		-1.4	135.0	1.8	2.7	93.0	993.7
20210124 20:00	-0.5		-1.5	135.0	1.8	2.7	93.0	993.7
20210124 20:05	-0.6		-1.5	135.0	1.3	2.2	93.0	993.7
20210124 20:10	-0.6		-1.5	135.0	1.3	2.2	94.0	993.6
20210124 20:15	-0.7		-1.5	135.0	1.8	2.2	94.0	993.6
20210124 20:20	-0.7		-1.6	135.0	1.8	2.7	94.0	993.5
20210124 20:25	-0.8		-1.6	135.0	1.8	3.1	94.0	993.5
20210124 20:30	-0.9		-1.7	135.0	1.3	2.2	94.0	993.4
20210124 20:35	-0.9		-1.8	112.0	1.3	1.8	94.0	993.4
20210124 20:45	-1.1		-1.9	135.0	2.2	3.1	94.0	993.5
20210124 20:50	-1.1		-2.0	135.0	1.8	2.7	94.0	993.4
20210124 20:55	-1.1		-1.8	135.0	2.2	3.6	95.0	993.4
20210124 21:00	-1.2		-1.9	135.0	1.8	2.7	95.0	993.3
20210124 21:05	-1.2		-1.9	135.0	1.8	2.7	95.0	993.3
20210124 21:10	-1.1		-1.8	135.0	1.3	2.7	95.0	993.2
20210124 21:15	-1.1		-1.8	112.0	1.8	3.1	95.0	993.1
20210124 21:20	-1.1		-1.8	112.0	1.8	3.1	95.0	993.1
20210124 21:25	-1.0		-1.7	135.0	2.2	4.0	95.0	993.1
20210124 21:30	-1.0		-1.7	135.0	2.2	4.0	95.0	993.1
20210124 21:35	-1.0		-1.7	135.0	2.2	4.9	95.0	993.0
20210124 21:45	-0.9		-1.6	135.0	2.7	4.0	95.0	993.0
20210124 21:50	-1.0		-1.7	135.0	1.8	3.1	95.0	992.9
20210124 21:55	-1.0		-1.7	112.0	2.2	3.1	95.0	992.9
20210124 22:00	-1.0		-1.7	112.0	1.8	3.1	95.0	992.9
20210124 22:05	-1.0		-1.7	112.0	2.2	3.6	95.0	992.9
20210124 22:10	-1.0		-1.7	112.0	1.8	3.6	95.0	992.8
20210124 22:15	-1.0		-1.7	112.0	1.8	3.1	95.0	992.8
20210124 22:20	-1.0		-1.7	112.0	2.2	3.1	95.0	992.8
20210124 22:25	-1.0		-1.7	112.0	1.8	2.2	95.0	992.7
20210124 22:30	-1.1		-1.8	90.0	1.8	2.7	95.0	992.6
20210124 22:35	-1.0		-1.6	90.0	1.8	2.7	96.0	992.6
20210124 22:45	-1.1		-1.8	90.0	1.8	2.7	95.0	992.4
20210124 22:50	-1.1		-1.8	90.0	2.2	3.1	95.0	992.4
20210124 22:55	-1.1		-1.8	90.0	2.2	2.7	95.0	992.3
20210124 23:00	-1.1		-1.8	90.0	1.8	2.7	95.0	992.3
20210124 23:05	-1.1		-1.8	90.0	2.2	3.1	95.0	992.2
20210124 23:10	-1.1		-1.8	90.0	2.2	3.1	95.0	992.2
20210124 23:15	-1.1		-1.7	90.0	2.2	3.1	96.0	992.2
20210124 23:20	-1.1		-1.7	90.0	2.2	3.1	96.0	992.1
20210124 23:25	-1.1		-1.7	90.0	2.2	3.1	96.0	992.1
20210124 23:30	-1.1		-1.7	90.0	2.2	3.1	96.0	992.0
20210124 23:35	-1.1		-1.7	90.0	2.7	4.0	96.0	991.9
20210124 23:40	-1.1		-1.7	90.0	2.7	3.6	96.0	991.9
20210124 23:45	-1.1		-1.7	90.0	3.1	4.5	96.0	991.8
20210124 23:50	-1.1		-1.7	90.0	2.7	4.0	96.0	991.7
